function [a, Ez, k] = lookupTableInverseEz
% WARNING: ASSUMES b = 0.1 !!!
[a, Ez] = meshgrid(1:3, .01:.01:.9); 
k = [-150.91536157916025	-250.91283212223485	-350.9117568085164; 
 -75.93149690558225	-125.92615107667996	-175.92389923690772; 
 -50.94849329239815	-84.27332734317721	-117.60311792680089; 
 -38.4664576428054	-63.454403150883365	-88.44943938301321; 
 -30.985524791185522	-50.969426970405294	-70.96289306325647; 
 -26.005874875570193	-42.651788428578726	-59.31017857462434; 
 -22.456366806411246	-36.71583961178532	-50.99133301647026; 
 -19.801898400851844	-32.268803355024865	-44.75639853100555; 
 -17.74620715386095	-28.814748613980235	-39.91097905346606; 
 -16.113125063570642	-26.056197259996708	-36.03846425478127; 
 -14.792134599229394	-23.80398782057255	-32.87376981531251; 
 -13.710252686993394	-21.932281637009588	-30.240212341188187; 
 -12.816252202173912	-20.35441141620629	-28.015530395714755; 
 -12.071765634695485	-19.009095769329956	-26.112490842084636; 
 -11.44664638745355	-17.852072842624718	-24.467286820695776; 
 -10.916749646249212	-16.850674276544353	-23.03232125793614; 
 -10.462786311120981	-15.980091942967535	-21.77155285845091; 
 -10.069509991439755	-15.220750526999357	-20.657369896085353; 
 -9.724984660163074	-14.556527805462991	-19.66838104864267; 
 -9.41991171286982	-13.97366659382067	-18.787764868786496; 
 -9.147047124639036	-13.460202925385452	-18.001985638363386; 
 -8.900725350477336	-13.005707525343704	-17.299794383430747; 
 -8.676486100393786	-12.601163268214846	-16.67149401456686; 
 -8.47078898505456	-12.238867939368603	-16.108457975952817; 
 -8.280798185241458	-11.912317938198086	-15.602868175243785; 
 -8.104220769592976	-11.616069784027236	-15.147609446366186; 
 -7.93918524984841	-11.3455921286888	-14.736248134290976; 
 -7.784150012417314	-11.097121877826469	-14.3630356018393; 
 -7.637833865258537	-10.867533468649315	-14.02290197458165; 
 -7.499162977601513	-10.654225461967846	-13.711427925356391; 
 -7.367230021404671	-10.455025128078177	-13.424796265570762; 
 -7.241262448528429	-10.26810974453024	-13.159730763204843; 
 -7.120597655373103	-10.09194246354744	-12.91343001895349; 
 -7.00466337885338	-9.9252204069338	-12.683502380354144; 
 -6.892962096493852	-9.766832785541544	-12.467905601977264; 
 -6.785058515091807	-9.615827121424932	-12.264893079588356; 
 -6.680569459950242	-9.471381965978182	-12.072967196268046; 
 -6.579155643814523	-9.332784804564074	-11.89083954834584; 
 -6.480514918198004	-9.199414096541314	-11.717397423725615; 
 -6.384376701747309	-9.070724614440225	-11.551675749448744; 
 -6.290497349231776	-8.946235420018901	-11.392833708266815; 
 -6.19865627677414	-8.825519953612897	-11.240135278774051; 
 -6.10865269848473	-8.708197822704944	-11.092933039552522; 
 -6.020302859916571	-8.593927961678604	-10.950654671743614; 
 -5.933437677053852	-8.482402902156819	-10.812791684484726; 
 -5.84790070759018	-8.373343946161842	-10.678889968293754; 
 -5.763546395306123	-8.266497075764207	-10.548541850951398; 
 -5.680238539354837	-8.16162946543119	-10.421379388833167; 
 -5.597848948908318	-8.058526488901439	-10.297068674975632; 
 -5.516256250430534	-7.956989132621839	-10.175304984753508; 
 -5.435344820222734	-7.8568317437606785	-10.055808612254403; 
 -5.35500381913033	-7.757880053463915	-9.9383212765238; 
 -5.2751263096366365	-7.659969426046839	-9.822602997909891; 
 -5.195608438168123	-7.562943292750562	-9.708429361686555; 
 -5.116348667428171	-7.466651734953646	-9.595589099736166; 
 -5.037247045056143	-7.3709501866317515	-9.483881931945467; 
 -4.958204495946317	-7.275698229642269	-9.373116617599669; 
 -4.879122126201304	-7.180758458256658	-9.263109173841123; 
 -4.799900526965777	-7.08599539140176	-9.153681223487608; 
 -4.7204390662964695	-6.991274412392675	-9.044658438409005; 
 -4.640635156766056	-6.896460716596827	-8.935869047403907; 
 -4.560383485645109	-6.801418247483487	-8.827142379204798; 
 -4.479575193210621	-6.706008600872218	-8.71830741193117; 
 -4.3980969829211265	-6.610089875851698	-8.609191300007918; 
 -4.315830144776126	-6.513515448711207	-8.499617848226041; 
 -4.232649470002725	-6.416132643178878	-8.389405900140218; 
 -4.1484220310964695	-6.317781266102623	-8.27836760419743; 
 -4.0630057959313515	-6.218291972175015	-8.166306515613739; 
 -3.976248037800677	-6.1174844140243145	-8.053015484688872; 
 -3.887983494386588	-6.0151651244653115	-7.938274272448776; 
 -3.798032217140545	-5.911125065229719	-7.821846821507174; 
 -3.7061970375052415	-5.805136760116135	-7.7034780928271935; 
 -3.612260556590838	-5.696950908873055	-7.5828903562269; 
 -3.5159815386052964	-5.586292349372019	-7.459778792015572; 
 -3.4170905530732387	-5.47285519706263	-7.333806220232857; 
 -3.3152846631213357	-5.356296938475589	-7.204596718512287; 
 -3.2102208917018307	-5.236231184038763	-7.0717278136576756; 
 -3.101508106932804	-5.112218686396331	-6.934720826825896; 
 -2.9886968402742786	-4.983756091310943	-6.793028804576338; 
 -2.8712663694796015	-4.850261690057739	-6.646021257879218; 
 -2.7486081348174443	-4.711057155396531	-6.492964627249583; 
 -2.6200041684811883	-4.565343820777371	-6.332996945002661; 
 -2.4845986327399214	-4.412171428224618	-6.165094495038432; 
 -2.341359664553595	-4.250396297750124	-5.98802724349632; 
 -2.1890273116706136	-4.078624344005468	-5.800298203247461; 
 -2.026041062385666	-3.895131903910054	-5.600059303158481; 
 -1.8504366699332158	-3.6977532503321635	-5.384992036039322; 
 -1.6596954240708566	-3.483716644303826	-5.15213379338516; 
 -1.450517293572544	-3.2493982428771835	-4.897617676478169; 
 -1.218467389093917	-2.989939785922301	-4.616269153493969];